0
0.3
0.7422
1.7422
2.7422
3.7422
6.94917
8.12191
8.22379
7.90725
7.01196
6.57335
6.15691
5.76125
5.02376
4.67908
4.34918
4.03346
3.73132
3.30247
3.0321
2.7736
2.52651
2.29043
2.0649
1.84954
1.64395
1.44778
1.26064
1.08221
0.912139
0.750112
0.595816
0.448957
0.309241
0.176396
0.0501523
-0.0697459
-0.183547
-0.29149
-0.393802
-0.490708
-0.582422
-0.669146
-0.751081
-0.828417
-0.901338
-0.970018
-1.06547
-1.12428
-1.17943
-1.23107
-1.27932
-1.32434
-1.36626
-1.40521
-1.4413
-1.47467
-1.50542
-1.55952
-1.58307
-1.60443
-1.62369
-1.64093
-1.65626
-1.66975
-1.68149
-1.69155
-1.70002
-1.70695
-1.71243
-1.71929
-1.7208
-1.7211
-1.72026
-1.71833
-1.71537
-1.71143
-1.70655
-1.69419
-1.68679
-1.67864
-1.66978
-1.65007
-1.6393
-1.61609
-1.59737
-1.5843
-1.57082
-1.55694
-1.54268
-1.52808
-1.51316
-1.49794
-1.48245
-1.4667
-1.45073
-1.43454
-1.40159
-1.38487
-1.36802
-1.35103
-1.33394
-1.31675
-1.29947
-1.28214
-1.26474
-1.22984
-1.21235
-1.19485
-1.17735
-1.15986
-1.14239
-1.12495
-1.10755
-1.07288
-1.05563
-1.03844
-1.02133
-1.00429
-0.987344
-0.970482
-0.937047
-0.920485
-0.904028
-0.887686
-0.855353
-0.831425
-0.815631
-0.799967
-0.784439
-0.753788
-0.738673
-0.7237
-0.70887
-0.694185
-0.679648
-0.665258
-0.651019
-0.636928
-0.62299
-0.609203
-0.595569
-0.582091
-0.568766
-0.555594
-0.542578
-0.529716
-0.517011
-0.504458
-0.492061
-0.479822
-0.467734
-0.455803
-0.444026
-0.432401
-0.42093
-0.409615
-0.398448
-0.387436
-0.376573
-0.365861
-0.355299
-0.344887
-0.33462
-0.324502
-0.314531
-0.299848
-0.280771
-0.271446
-0.262264
-0.25322
-0.244316
-0.235549
-0.226918
-0.218424
-0.201836
-0.193741
-0.185776
-0.170235
-0.162655
-0.155202
-0.147873
-0.133584
-0.126621
-0.119779
-0.109736
-0.103187
-0.0967527
-0.0904326
-0.0842252
-0.0781291
-0.0662663
-0.0604969
-0.0548341
-0.0438219
-0.0384704
-0.0280703
-0.0230191
-0.0156251
-0.0108157
-0.00610097
-0.00147957
0.00304964
0.00748786
0.0118363
0.0160961
0.0202685
0.0243546
0.0283555
0.0341999
0.0379931
0.0417051
0.0453371
0.0488902
0.0523656
0.055764
0.0607205
0.0639319
0.0670706
0.070137
0.0731328
0.0760586
0.0789157
0.0817048
0.0844272
0.0870838
0.0896757
0.0922035
0.0946683
0.09825
0.100562
0.102814
0.105007
0.107143
0.109222
0.111245
0.113212
0.115126
0.116986
0.118793
0.120549
0.122254
0.123909
0.125514
0.127071
0.129318
0.130758
0.132151
0.1335
0.134805
0.136066
0.137285
0.138461
0.139596
0.140691
0.141745
0.142761
0.144677
0.145579
0.146445
0.147274
0.148828
0.149904
0.15058
0.154867
0.155271
0.155998
0.156321
0.156618
0.15689
0.157138
0.15736
0.157559
0.157887
0.158017
0.158126
0.158277
0.158321
0.158345
0.158334
0.1583
0.158247
0.158086
0.157979
0.157787
0.157558
0.157196
0.156992
0.156773
0.15654
0.156292
0.155755
0.155466
0.155164
0.15485
0.154523
0.154184
0.153834
0.153472
0.153098
0.152714
0.152319
0.151708
0.151287
0.150857
0.150418
0.149969
0.149046
0.148571
0.148088
0.147098
0.146592
0.146078
0.145558
0.14503
0.144496
0.143955
0.143408
0.142297
0.141732
0.140297
0.139714
0.138831
0.138236
0.137637
0.136426
0.135815
0.1352
0.134581
0.133959
0.132705
0.132073
0.131439
0.130162
0.12952
0.128875
0.127579
0.126602
0.125294
0.124637
0.123319
0.122659
0.121997
0.121334
0.120007
0.119342
0.118676
0.11801
0.117343
0.116343
0.115009
0.114342
0.113007
0.112341
0.111008
0.11001
0.109346
0.108681
0.107355
0.106694
0.106033
0.105373
0.104056
0.1034
0.102744
0.101438
0.100786
0.100136
0.0994876
0.0981954
0.0975514
0.0962689
0.09563
0.0943581
0.0934089
0.0912114
0.090588
0.0899667
0.0887306
0.0881159
0.0875033
0.0868929
0.0862848
0.0856791
0.0844743
0.0838756
0.0832792
0.0826853
0.0820937
0.0815046
0.0809182
0.0803342
0.0797524
0.0791736
0.078597
0.0774517
0.0765997
0.0760349
0.0754727
0.0749134
0.0743565
0.0732508
0.0727021
0.072156
0.0716128
0.0710722
0.0705343
0.0699992
0.0692016
0.0686735
0.0676254
0.0671055
0.0665884
0.0658178
0.0653078
0.0648006
0.064296
0.0632955
0.0627994
0.0623061
0.0618157
0.0613281
0.0608433
0.0603611
0.059882
0.0589322
0.0584615
0.0579935
0.0575283
0.0570661
0.0566066
0.0561499
0.0552448
0.0547963
0.054129
0.0536879
0.0528132
0.0523803
0.05195
0.0515223
0.0510976
0.0500476
0.0492196
0.04881
0.0484028
0.0479985
0.0475968
0.0471977
0.0468015
0.0460167
0.0456283
0.0448596
0.0442896
0.0439131
0.0431679
0.0427992
0.042433
0.0420693
0.0417083
0.0411713
0.0404643
0.0401147
0.0397675
0.0394228
0.0387408
0.0384034
0.0380685
0.0377361
0.0372421
0.0369157
0.0365918
0.0362701
0.035951
0.0356342
0.0350073
0.0346976
0.0343901
0.0340849
0.0334814
0.0331831
0.0328871
0.0325933
0.0323016
0.0318682
0.03144
0.0311573
0.0305983
0.0303222
0.0300479
0.0297761
0.0292386
0.028973
0.0287094
0.0284479
0.0281882
0.0279308
0.0274224
0.0271712
0.0269218
0.0266746
0.0264291
0.0258245
0.0255858
0.0253492
0.0251147
0.024882
0.0246513
0.0240821
0.0238578
0.0236352
0.0234144
0.0231956
0.0229786
0.0227633
0.02255
0.0223384
0.0221284
0.0219202
0.0217137
0.021509
0.0211044
0.0209047
0.0207067
0.0204128
0.0202189
0.0200266
0.019836
0.019647
0.0180172
0.0177576
0.0175864
0.0174167
0.0172485
0.0170817
0.0169163
0.01659
0.016429
0.0162694
0.0161113
0.0159545
0.015799
0.0156449
0.0154921
0.0153407
0.015116
0.0149679
0.0148211
0.0146756
0.0145314
0.0143884
0.0142467
0.0140365
0.0138979
0.0137606
0.0136245
0.0134896
0.013356
0.0132235
0.0130922
0.0129622
0.0128334
0.0127057
0.0125791
0.0124538
0.0123295
0.0122064
0.0108134
0.0107041
0.010542
0.0104353
0.010277
0.0101727
0.0100693
0.00996698
0.00986558
0.00976511
0.00966557
0.00956698
0.00946932
0.00937258
0.00922915
0.00913467
0.00904108
0.00894836
0.00885654
0.00876558
0.00867542
0.0085861
0.00849766
0.00841001
0.0082801
0.00819453
0.00810981
0.00802589
0.00794278
0.00786043
0.00777889
0.00769815
0.007539
0.00746057
0.00738289
0.00730594
0.00722977
0.00715433
0.00707961
0.00696887
0.00682366
0.00675209
0.00566645
0.00560612
0.00554641
0.00548729
0.00542877
0.00537082
0.00531349
0.00525673
0.00517265
0.00511728
0.00506246
0.00500817
0.00495443
0.00484851
0.00479623
0.00474448
0.00469327
0.00464261
0.00459248
0.00454288
0.00449377
0.00442108
0.00437321
0.00427887
0.00423239
0.00418642
0.00414093
0.00409589
0.00405134
0.00400724
0.00394186
0.00389884
0.00385628
0.00381412
0.00373089
0.0036899
0.00364939
0.00360927
0.00356961
0.00353029
0.00345287
0.00284063
0.00280885
0.00277744
0.00271565
0.0026853
0.00265523
0.00262549
0.00259603
0.00253803
0.00250948
0.00245308
0.00242535
0.0023979
0.00234384
0.00231725
0.00229098
0.00226505
0.00223939
0.00221403
0.00218895
0.00213958
0.00211528
0.00209123
0.00204377
0.0020204
0.00199728
0.00197431
0.00192922
0.00190707
0.0018852
0.0018636
0.00182112
0.00180017
0.00177943
0.00175895
0.00171851
0.00169864
0.00167898
0.00165956
0.00164028
0.0016212
0.00160238
0.00156545
0.00152939
0.0015116
0.001494
0.0014766
0.0014594
0.00142541
0.00140874
0.00139225
0.00137588
0.00135965
0.00134365
0.00132787
0.00131227
0.00129689
0.00126651
0.00106546
0.00104021
0.00102774
0.00101539
0.00100322
0.000991198
0.000979327
0.000967538
0.000955893
0.000933093
0.000921898
0.00091077
0.00089977
0.000888936
0.000872953
0.000862405
0.00085196
0.000831452
0.000821355
0.000811359
0.000796653
0.00078701
0.000777462
0.000767934
0.000758513
0.000749236
0.000726459
0.000717511
0.000708706
0.000691394
0.000682892
0.000674516
0.000666278
0.000658155
0.000650152
0.000638153
0.000622462
0.000614696
0.00060704
0.000599515
0.000588382
0.000581044
0.000573834
0.000566722
0.000549344
0.000542429
0.000535603
0.000528862
0.000515575
0.000509081
0.000502703
0.000496412
0.000490205
0.000481045
0.000469151
0.00046334
0.000457509
0.000445829
0.000431661
0.000423468
0.000412726
0.0004075
0.000402343
0.000397289
0.000384775
0.000379844
0.000374941
0.000370074
0.000360603
0.000355987
0.000351402
0.000344637
0.000340225
0.000335891
0.000331635
0.000327367
0.000318936
0.00031264
0.000308459
0.000304383
0.000298421
0.000290647
0.000286868
0.000283178
0.000279537
0.000274123
0.000267069
0.000263615
0.000260108
0.000256583
0.000253152
0.000249771
0.000246431
0.000238428
0.000235337
0.00023223
0.000229114
0.000226062
0.000223072
0.000220052
0.000215524
0.000212561
0.000209671
0.000204092
0.000201399
0.00019878
0.000193635
0.00019103
0.000188466
0.000183377
0.000180854
0.000178387
0.000173442
0.000171084
0.000168773
0.000164299
0.000162037
0.000159788
0.000157602
0.0001522
0.000150098
0.000148065
0.000144077
0.00014016
0.000138267
0.000136355
0.000134433
0.000130721
0.000128872
0.000126121
0.000121741
0.000120045
0.00011835
0.000116686
0.00011506
0.000113403
0.000110178
0.000108643
0.000107163
0.000105662
0.000103419
0.000101964
0.000100565
9.91761e-05
9.77761e-05
9.63734e-05
9.49588e-05
9.35447e-05
9.21695e-05
9.08486e-05
8.95259e-05
8.8174e-05
8.68682e-05
8.55942e-05
8.37808e-05
8.25918e-05
8.08476e-05
7.97176e-05
7.85785e-05
7.74014e-05
7.62614e-05
7.51602e-05
7.4092e-05
7.29776e-05
7.1867e-05
7.08157e-05
6.92994e-05
6.83205e-05
6.73533e-05
6.64005e-05
6.54477e-05
6.43909e-05
6.33579e-05
6.2374e-05
6.142e-05
5.99572e-05
5.9001e-05
5.81092e-05
5.68579e-05
5.60674e-05
5.53075e-05
5.45675e-05
5.30494e-05
5.21718e-05
5.13383e-05
5.05176e-05
4.92521e-05
4.84634e-05
4.77079e-05
4.70125e-05
4.63484e-05
4.50223e-05
4.43726e-05
4.33741e-05
4.26058e-05
4.11791e-05
4.04819e-05
3.98324e-05
3.92232e-05
3.86533e-05
3.81147e-05
3.65403e-05
3.602e-05
3.54698e-05
3.48597e-05
3.35624e-05
3.29207e-05
3.23394e-05
3.1793e-05
3.13047e-05
3.04461e-05
3.00095e-05
2.95578e-05
2.8655e-05
2.81871e-05
2.73515e-05
2.68758e-05
2.63608e-05
2.53044e-05
2.49398e-05
2.4016e-05
2.36601e-05
2.32745e-05
2.22759e-05
2.18459e-05
2.1365e-05
2.09352e-05
2.05735e-05
2.02575e-05
1.99624e-05
1.92205e-05
1.8958e-05
1.84253e-05
1.81129e-05
1.72983e-05
1.6946e-05
1.6623e-05
1.59909e-05
1.57163e-05
1.52085e-05
1.49351e-05
1.42335e-05
1.39837e-05
1.3379e-05
1.31368e-05
1.29475e-05
3.22347e-06
1.8681e-06
1.78204e-06
1.72785e-06
1.71e-06
1.13019e-06
1.10882e-06
1.11399e-06
1.1552e-06
0
0
0
0
0
