0
6.94917
8.22379
7.46717
6.57335
5.76125
5.02376
4.34918
3.73132
3.0321
2.52651
2.0649
1.64395
1.26064
0.912139
0.595816
0.309241
0.0501523
-0.183547
-0.393802
-0.582422
-0.751081
-0.901338
-1.06547
-1.17943
-1.27932
-1.36626
-1.4413
-1.50542
-1.55952
-1.60443
-1.64093
-1.66975
-1.69155
-1.70695
-1.71652
-1.7208
-1.72026
-1.71537
-1.70655
-1.69419
-1.67864
-1.66024
-1.6393
-1.61609
-1.5843
-1.55694
-1.52808
-1.49794
-1.4667
-1.43454
-1.40159
-1.36802
-1.33394
-1.29947
-1.26474
-1.22984
-1.19485
-1.15986
-1.12495
-1.09018
-1.05563
-1.02133
-0.987344
-0.953715
-0.920485
-0.887686
-0.855353
-0.815631
-0.784439
-0.753788
-0.7237
-0.694185
-0.665258
-0.636928
-0.609203
-0.582091
-0.555594
-0.529716
-0.504458
-0.479822
-0.455803
-0.432401
-0.409615
-0.387436
-0.365861
-0.344887
-0.324502
-0.299848
-0.280771
-0.262264
-0.244316
-0.226918
-0.210063
-0.193741
-0.177941
-0.162655
-0.147873
-0.133584
-0.119779
-0.103187
-0.0904326
-0.0781291
-0.0662663
-0.0548341
-0.0438219
-0.0332204
-0.0230191
-0.0108157
-0.00147957
0.00748786
0.0160961
0.0243546
0.0341999
0.0417051
0.0488902
0.055764
0.0639319
0.070137
0.0760586
0.0817048
0.0870838
0.0922035
0.09825
0.102814
0.107143
0.111245
0.115126
0.118793
0.122254
0.125514
0.129318
0.132151
0.134805
0.137285
0.139596
0.141745
0.143738
0.145579
0.147274
0.148828
0.15058
0.155271
0.155998
0.156618
0.157138
0.157559
0.157887
0.158126
0.158277
0.158345
0.158334
0.158247
0.158086
0.157787
0.157385
0.156992
0.15654
0.15603
0.155466
0.15485
0.154184
0.153472
0.152714
0.151708
0.150857
0.149969
0.149046
0.148088
0.147098
0.146078
0.14503
0.143955
0.142855
0.141732
0.140297
0.138831
0.137637
0.136426
0.1352
0.133959
0.132705
0.131439
0.130162
0.128875
0.127579
0.125949
0.124637
0.123319
0.121997
0.120671
0.119342
0.11801
0.116343
0.115009
0.113674
0.112341
0.111008
0.109346
0.108018
0.106694
0.105373
0.104056
0.102744
0.101438
0.100136
0.0988407
0.0975514
0.0962689
0.0949931
0.0934089
0.0918366
0.090588
0.0893476
0.0881159
0.0868929
0.0856791
0.0844743
0.0832792
0.0820937
0.0809182
0.0797524
0.078597
0.0774517
0.0760349
0.0749134
0.0738024
0.0727021
0.0716128
0.0705343
0.0692016
0.0681479
0.0671055
0.0658178
0.0648006
0.0637945
0.0627994
0.0618157
0.0608433
0.059882
0.0589322
0.0579935
0.0570661
0.0561499
0.0552448
0.054129
0.0532492
0.0523803
0.0515223
0.0506756
0.0496323
0.04881
0.0479985
0.0471977
0.0464076
0.0456283
0.0448596
0.0439131
0.0431679
0.042433
0.0417083
0.0408165
0.0401147
0.0394228
0.0387408
0.0380685
0.0372421
0.0365918
0.035951
0.0353196
0.0346976
0.0340849
0.0334814
0.0328871
0.0323016
0.03144
0.0308768
0.0303222
0.0297761
0.0292386
0.0287094
0.0281882
0.0276755
0.0271712
0.0266746
0.0261859
0.0255858
0.0251147
0.0246513
0.0240821
0.0236352
0.0231956
0.0227633
0.0223384
0.0219202
0.021509
0.0211044
0.0207067
0.0202189
0.019836
0.0180172
0.0175864
0.0172485
0.0169163
0.01659
0.0162694
0.0159545
0.0156449
0.0153407
0.0149679
0.0146756
0.0143884
0.0140365
0.0137606
0.0134896
0.0132235
0.0129622
0.0127057
0.0124538
0.0122064
0.0107041
0.0104353
0.0101727
0.00996698
0.00976511
0.00956698
0.00937258
0.00913467
0.00894836
0.00876558
0.0085861
0.00841001
0.00819453
0.00802589
0.00786043
0.00769815
0.007539
0.00738289
0.00722977
0.00707961
0.00689592
0.00675209
0.00560612
0.00548729
0.00537082
0.00525673
0.00511728
0.00500817
0.00490121
0.00479623
0.00469327
0.00459248
0.00449377
0.00437321
0.00427887
0.00418642
0.00409589
0.00400724
0.00389884
0.00381412
0.00373089
0.00364939
0.00356961
0.00349136
0.00284063
0.00277744
0.00271565
0.00265523
0.00259603
0.00253803
0.00248113
0.00242535
0.0023707
0.00231725
0.00226505
0.00221403
0.00216414
0.00211528
0.00204377
0.00199728
0.00195162
0.00190707
0.0018636
0.00182112
0.00177943
0.00173864
0.00169864
0.00165956
0.0016212
0.00156545
0.00152939
0.001494
0.0014594
0.00142541
0.00139225
0.00135965
0.00132787
0.00129689
0.00126651
0.00104021
0.00101539
0.000991198
0.000967538
0.000944422
0.000921898
0.00089977
0.000872953
0.00085196
0.000831452
0.000811359
0.00078701
0.000767934
0.000749236
0.000726459
0.000708706
0.000691394
0.000674516
0.000658155
0.000638153
0.000622462
0.00060704
0.000588382
0.000573834
0.000559729
0.000542429
0.000528862
0.000515575
0.000502703
0.000490205
0.000475054
0.00046334
0.000451668
0.000437236
0.000423468
0.000412726
0.000402343
0.000392287
0.000379844
0.000370074
0.000360603
0.000351402
0.000340225
0.000331635
0.000323119
0.00031264
0.000304383
0.000294492
0.000286868
0.000279537
0.000270562
0.000263615
0.000256583
0.000249771
0.000243173
0.000235337
0.000229114
0.000223072
0.000215524
0.000209671
0.000204092
0.00019878
0.00019103
0.000185939
0.000180854
0.000175891
0.000171084
0.000166524
0.000162037
0.000157602
0.0001522
0.000148065
0.000144077
0.00014016
0.000136355
0.000132551
0.000128872
0.000124338
0.000120045
0.000116686
0.000113403
0.000110178
0.000107163
0.000103419
0.000100565
9.77761e-05
9.49588e-05
9.21695e-05
8.95259e-05
8.68682e-05
8.37808e-05
8.08476e-05
7.85785e-05
7.62614e-05
7.4092e-05
7.1867e-05
6.92994e-05
6.73533e-05
6.54477e-05
6.33579e-05
6.142e-05
5.9001e-05
5.68579e-05
5.53075e-05
5.38344e-05
5.21718e-05
5.05176e-05
4.84634e-05
4.70125e-05
4.56919e-05
4.43726e-05
4.26058e-05
4.11791e-05
3.98324e-05
3.86533e-05
3.75997e-05
3.602e-05
3.48597e-05
3.35624e-05
3.23394e-05
3.13047e-05
3.04461e-05
2.95578e-05
2.8655e-05
2.77546e-05
2.68758e-05
2.59086e-05
2.49398e-05
2.4016e-05
2.32745e-05
2.22759e-05
2.1365e-05
2.05735e-05
1.99624e-05
1.92205e-05
1.87187e-05
1.81129e-05
1.72983e-05
1.6623e-05
1.59909e-05
1.5455e-05
1.49351e-05
1.42335e-05
1.36747e-05
1.31368e-05
1.27781e-05
1.24362e-05
1.2068e-05
1.15894e-05
1.09266e-05
1.05408e-05
1.02066e-05
9.78127e-06
9.54104e-06
9.09021e-06
8.74418e-06
8.49306e-06
8.2593e-06
8.12536e-06
7.78225e-06
7.33557e-06
6.93831e-06
6.6216e-06
6.3824e-06
6.23072e-06
5.90268e-06
5.66277e-06
5.48411e-06
5.38467e-06
5.12814e-06
5.03256e-06
4.86582e-06
4.43219e-06
4.13224e-06
3.93539e-06
3.7692e-06
3.7537e-06
3.71985e-06
3.55212e-06
3.28757e-06
3.15598e-06
2.98936e-06
3.01148e-06
2.91716e-06
2.70127e-06
2.35348e-06
2.20299e-06
2.21396e-06
2.34251e-06
2.33775e-06
2.21969e-06
1.96186e-06
1.78204e-06
1.71e-06
1.78445e-06
1.71825e-06
1.59362e-06
1.44293e-06
1.42468e-06
1.4229e-06
1.51704e-06
1.51099e-06
1.44756e-06
1.23656e-06
1.11897e-06
1.04527e-06
1.09722e-06
1.10882e-06
1.11399e-06
1.1633e-06
1.09832e-06
1.00882e-06
1.06248e-06
7.70233e-07
8.1677e-07
9.14016e-07
9.65606e-07
8.75133e-07
8.98814e-07
9.04006e-07
9.11193e-07
8.6468e-07
8.32625e-07
7.45801e-07
7.89351e-07
8.52909e-07
8.86673e-07
7.27984e-07
8.80382e-07
9.77247e-07
9.90947e-07
9.68436e-07
9.51022e-07
9.12625e-07
9.56028e-07
1.08304e-06
1.19278e-06
1.06316e-06
9.14914e-07
8.00084e-07
8.73094e-07
9.99279e-07
1.1627e-06
1.27256e-06
1.12152e-06
9.63716e-07
1.02032e-06
1.16134e-06
1.25386e-06
1.2256e-06
1.06104e-06
1.37316e-06
1.34752e-06
1.42839e-06
1.42591e-06
1.51124e-06
1.56694e-06
1.54047e-06
1.51454e-06
1.42619e-06
1.45046e-06
1.45546e-06
