0
0.021678
0.27809
1.0354
2.2373
3.709
5.0331
6.0346
6.5884
6.8156
6.9056
6.9562
6.8534
6.8241
6.7672
6.7601
6.7015
6.6403
6.5839
6.4821
6.458
6.3451
6.2283
6.0878
5.9651
5.8133
5.665
5.518
5.4031
5.2502
5.0203
4.936
4.865
4.7049
4.5043
4.3239
4.1725
4.0551
3.9204
3.76
3.6211
3.4587
3.303
3.1208
2.9565
2.7934
2.6538
2.5092
2.3797
2.2832
2.1463
2.0162
1.843
1.7675
1.6519
1.5028
1.3892
1.3199
1.2074
1.0939
0.97552
0.82624
0.73564
0.61503
0.47866
0.36888
0.28569
0.1759
0.052258
-0.00035384
-0.078606
-0.13578
-0.24176
-0.33882
-0.4165
-0.48791
-0.54223
-0.5711
-0.6429
-0.70083
-0.79086
-0.85221
-0.91165
-1.0152
-1.0663
-1.1331
-1.1933
-1.2275
-1.2936
-1.373
-1.4192
-1.4653
-1.4955
-1.5582
-1.5601
-1.5589
-1.5928
-1.6338
-1.7386
-1.7677
-1.8275
-1.7719
-1.8097
-1.8484
-1.8832
-1.9496
-1.9316
-1.9665
-2.0021
-2.0393
-2.0748
-2.0881
-2.0778
-2.0934
-2.1137
-2.1202
-2.1409
-2.1124
-2.1595
-2.2102
-2.1943
-2.226
-2.2702
-2.272
-2.2623
-2.2201
-2.1986
-2.1872
-2.1969
-2.1935
-2.2135
-2.188
-2.2043
-2.2064
-2.2099
-2.1869
-2.1884
-2.17
-2.1563
-2.2013
-2.2228
-2.195
-2.215
-2.1823
-2.1451
-2.1582
-2.1244
-2.1187
-2.125
-2.1118
-2.1232
-2.116
-2.1259
-2.1037
-2.0668
-2.0378
-2.0328
-2.0216
-1.9947
-1.9825
-1.9576
-1.9485
-1.9282
-1.9333
-1.9797
-1.961
-1.916
-1.8659
-1.8212
-1.8514
-1.8442
-1.8216
-1.8212
-1.8249
-1.8598
-1.8579
-1.8526
-1.8131
-1.7988
-1.8002
-1.8165
-1.7897
-1.7409
-1.6843
-1.6655
-1.6702
-1.7069
-1.698
-1.686
-1.657
-1.6497
-1.6796
-1.6505
-1.5981
-1.5793
-1.5569
-1.5234
-1.517
-1.5255
-1.5284
-1.4946
-1.4222
-1.4036
-1.3834
-1.3964
-1.3519
-1.3155
-1.3493
-1.3584
-1.3816
-1.395
-1.3622
-1.3508
-1.3054
-1.2794
-1.2879
-1.2932
-1.2568
-1.2579
-1.2501
-1.2152
-1.2169
-1.2323
-1.2068
-1.1715
-1.1375
-1.1531
-1.1362
-1.1012
-1.0685
-1.0592
-1.0727
-1.0062
-0.99371
-0.99162
-1.0495
-1.0473
-1.0099
-0.93274
-0.92058
-0.92647
-0.89171
-0.88449
-0.88525
-0.91146
-0.89342
-0.91431
-0.89494
-0.9071
-0.89608
-0.88373
-0.88753
-0.85354
-0.82922
-0.84271
-0.82561
-0.82979
-0.78611
-0.75211
-0.74109
-0.72875
-0.73825
-0.72419
-0.68886
-0.69342
-0.68962
-0.68506
-0.70634
-0.71849
-0.71621
-0.69893
-0.69703
-0.63701
-0.61023
-0.58345
-0.56028
-0.5316
-0.55401
-0.53464
-0.52039
-0.55211
-0.53293
-0.56484
-0.54261
-0.49798
-0.50691
-0.49988
-0.53977
-0.5278
-0.50349
-0.47348
-0.46037
-0.48316
-0.44233
-0.39561
-0.34299
-0.35648
-0.36275
-0.37604
-0.36996
-0.34394
-0.39276
-0.39276
-0.36237
-0.3844
-0.33217
-0.37338
-0.38592
-0.37319
-0.36977
-0.30558
-0.31014
-0.3523
-0.3109
-0.29418
-0.26493
-0.26227
-0.27538
-0.26721
-0.21232
-0.21574
-0.22334
-0.22656
-0.27291
-0.27177
-0.23397
-0.22865
-0.22998
-0.23226
-0.20396
-0.20358
-0.22353
-0.2334
-0.20681
-0.1958
-0.19618
-0.17661
-0.15724
-0.20529
-0.17224
-0.16977
-0.16636
-0.13882
-0.10748
-0.065311
-0.11868
-0.11602
-0.17794
-0.16674
-0.16085
-0.12628
-0.10862
-0.090192
-0.082595
-0.079556
-0.081266
-0.11071
-0.06816
-0.04024
-0.063032
-0.045178
-0.042329
-0.014789
-0.073098
-0.10292
-0.124
-0.16275
-0.073478
0.022818
0.053777
0.037443
-0.008521
-0.00054377
0.0076234
-0.017068
-0.04081
0.01636
0.012752
0.019969
0.038583
0.019209
0.0175
0.019779
0.012562
-0.023146
-0.01232
-0.01213
0.0019254
0.034974
0.082647
0.058905
0.059475
0.066123
0.070871
0.10316
0.10069
0.11114
0.092144
0.088915
0.10164
0.10867
0.13583
0.10069
0.087395
0.10183
0.069922
0.076379
0.082077
0.11627
0.13469
0.16071
0.13659
0.15349
0.097272
0.043521
0.047889
0.10126
0.11323
0.087395
0.10848
0.14571
0.10905
0.07581
0.092714
0.077709
0.1383
0.2042
0.21408
0.1854
0.14931
0.125
0.077519
0.10677
0.065743
0.069542
0.12291
0.13336
0.1742
0.15805
0.11722
0.069732
0.078848
0.086826
0.11133
0.1288
0.1628
0.18388
0.17837
0.17078
0.1835
0.15729
0.16755
0.15273
0.12937
0.14741
0.15292
0.1666
0.18388
0.16299
0.16128
0.18483
0.1685
0.16717
0.18236
0.15482
0.14153
0.16736
0.1533
0.18179
0.17097
0.19775
0.2099
0.16052
0.19167
0.159
0.16527
0.19357
0.17021
0.16679
0.17363
0.16527
0.17192
0.15216
0.21883
0.20838
0.21009
0.2213
0.19756
0.2137
0.21199
0.242
0.23497
0.2156
0.25378
0.19224
0.16185
0.17628
0.12291
0.16717
0.11285
0.11703
0.12177
0.13583
0.17533
0.16413
0.18388
0.26365
0.21579
0.17761
0.16375
0.16147
0.15216
0.11133
0.13013
0.15938
0.15463
0.14476
0.16907
0.13944
0.18255
0.16109
0.17249
0.14305
0.13621
0.11665
0.098791
0.12082
0.16869
0.21902
0.18331
0.16926
0.16869
0.17951
0.17666
0.15406
0.14058
0.18274
0.19927
0.16337
0.16489
0.16185
0.13735
0.14115
0.12519
0.16071
0.21351
0.16204
0.1345
0.10772
0.070491
0.11171
0.13621
0.11171
0.093473
0.10145
0.11778
0.14153
0.15026
0.12234
0.14457
0.1495
0.17571
0.18445
0.17666
0.18692
0.1816
0.1609
0.18692
0.18882
0.20876
0.21123
0.18236
0.16584
0.15083
0.16964
0.1685
0.12823
0.1307
0.11133
0.12481
0.14134
0.13412
0.13355
0.10183
0.078469
0.065933
0.083407
0.14514
0.21959
0.14134
0.14514
0.11532
0.125
0.15026
0.18426
0.17363
0.1666
0.18217
0.21351
0.21617
0.19433
0.15235
0.079798
0.056816
0.032315
0.053777
0.085496
0.096892
0.13089
0.14305
0.14608
0.13507
0.15805
0.1742
0.19775
0.18407
0.14741
0.16812
0.12044
0.11133
0.11665
0.086066
0.087016
0.079038
0.062514
0.10658
0.13165
0.1119
0.10373
0.091194
0.13108
0.10829
0.14969
0.14855
0.14931
0.13279
0.13089
0.12994
0.10696
0.060235
0.096132
0.14722
0.12481
0.11437
0.14172
0.13355
0.064983
0.067452
0.036683
0.033074
0.069352
0.087585
0.11835
0.053587
0.067262
0.07467
0.019779
0.043141
0.047699
0.043141
0.072391
0.063274
0.069542
0.12842
0.1326
0.10582
0.071441
0.072201
0.048459
0.083027
0.032315
0.048839
0.063464
0.019969
0.033454
0.063844
0.090624
0.065743
0.10354
0.11057
0.07505
0.061754
0.04713
0.025287
0.030036
-0.0039626
0.021489
0.01617
0.030036
0.055107
0.11816
0.15938
0.15729
0.1495
0.10126
0.13583
0.077519
0.071061
0.098032
0.083217
0.13849
0.10126
0.10487
0.069352
0.078848
0.039342
0.028896
0.052638
0.040292
0.029086
-0.00035384
0.018829
0.063654
0.11076
0.07429
0.12405
0.092524
0.10544
0.077139
0.037063
0.039152
0.026997
0.042191
0.039532
0.055297
0.041052
0.057386
0.021489
0.091194
0.079798
0.10848
0.13697
0.12747
0.071251
0.069162
0.07315
0.055677
0.049979
0.097652
0.051308
0.044091
0.043521
0.065553
0.043901
0.039722
0.057766
0.04561
0.063274
0.071441
-0.0089008
0.0055341
0.0034448
-0.013079
-0.0011136
0.057006
0.034594
0.070111
0.04599
0.048079
0.049219
0.021109
0.031935
0.042381
0.053017
0.036493
0.057576
0.04637
0.068022
0.07429
0.079228
0.090434
0.10354
0.072581
0.055677
0.054157
0.090624
0.079988
0.071631
0.10886
0.13602
0.12215
0.12196
0.13887
0.072391
0.053777
0.063464
0.047699
0.039722
0.050168
0.0741
0.067642
0.052638
0.070871
0.070301
0.067073
0.098412
0.029466
0.024338
0.063274
0.042381
0.023958
0.025097
0.10563
0.11968
0.10487
0.058146
0.0091428
0.027566
0.082457
0.11551
0.12063
0.1081
0.070301
0.062894
0.037443
0.034024
0.04542
0.012562
0.038393
0.062894
0.1138
0.096512
0.07581
0.064603
0.019589
0.011422
-0.013649
-0.0073814
-0.037201
-0.0098505
-0.0033928
-0.0016834
0.018829
0.060235
0.058336
0.076189
0.10031
0.034214
0.0026851
-0.030173
0.0047744
0.01788
0.043141
0.055487
0.064224
0.039722
0.065553
0.04466
0.070871
0.040672
0.041052
0.048459
0.029656
0.065173
0.066313
0.081128
0.084736
0.10506
0.063464
0.061944
0.04523
0.058146
0.088155
0.056246
0.063274
0.055866
0.01807
0.021299
0.00059583
0.052828
0.036683
0.030415
0.0080032
-0.00035384
-0.014029
-0.017828
0.029656
0.023008
-0.005672
-0.030553
-0.037391
0.044281
0.086066
0.077709
0.089865
0.054157
0.032505
0.038772
0.072011
0.07391
0.078279
0.051498
0.039532
0.043141
0.030225
0.052638
0.0078133
0.033834
-0.0043424
-0.0014934
-0.014599
0.015031
0.01826
0.067073
0.042761
0.04561
0.031175
0.00021596
-0.019727
-0.0094706
-0.026375
-0.03986
0.0011656
0.022818
0.023958
2.6027E-05
-0.0052921
-0.046128
-0.037201
0.024527
0.037253
0.036493
0.041432
0.060805
0.011422
0.010662
0.0045844
-0.013079
0.018829
-0.029794
-0.0064317
0.027566
0.031935
-0.060373
-0.033212
-0.0062418
0.10126
0.12728
0.095753
0.058526
0.071631
0.11646
0.10107
0.039532
0.07315
0.14229
0.12196
0.052448
0.0021153
0.01788
0.054347
0.053587
0.044091
0.0081932
0.043331
0.043331
0.031365
0.0078133
0.021678
0.01693