0.041406
0.16611
0.43087
1.0921
2.5839
4.3152
6.0577
7.2696
7.7898
8.1668
8.3121
8.1033
7.9982
7.7615
7.4607
7.2354
6.9444
6.7251
6.5253
6.2825
6.1329
5.9994
5.7305
5.498
5.2617
5.103
4.9884
4.8058
4.5919
4.3664
4.1598
3.9731
3.8259
3.6578
3.4989
3.2935
3.1204
2.8959
2.7184
2.6345
2.4745
2.2916
2.0983
1.9261
1.7891
1.5662
1.4326
1.299
1.217
1.1
0.95524
0.85138
0.73384
0.64185
0.48712
0.35973
0.2302
0.11726
-0.011815
-0.11176
-0.21607
-0.30302
-0.36756
-0.46829
-0.53473
-0.62246
-0.67053
-0.7521
-0.88957
-0.92218
-0.99579
-1.0283
-1.0459
-1.1124
-1.0979
-1.141
-1.2579
-1.3039
-1.3438
-1.421
-1.4787
-1.5142
-1.5871
-1.5978
-1.6565
-1.6513
-1.6636
-1.7316
-1.7618
-1.8073
-1.8608
-1.838
-1.8547
-1.939
-1.9197
-1.9686
-1.8837
-1.9543
-1.9971
-2.044
-2.0445
-2.0604
-2.0501
-1.9924
-1.9923
-2.0012
-2.0575
-2.0768
-2.0855
-2.1075
-2.0886
-2.0988
-2.1457
-2.1969
-2.1686
-2.1709
-2.1373
-2.1105
-2.0997
-2.1094
-2.1067
-2.0887
-2.0306
-2.0584
-2.0933
-2.0946
-2.1184
-2.0874
-2.0546
-2.0622
-2.0443
-2.0453
-2.0351
-2.0471
-2.0464
-2.0021
-2.0022
-1.9496
-1.9364
-1.9341
-1.935
-1.9111
-1.8897
-1.8907
-1.8693
-1.8215
-1.8291
-1.7831
-1.8017
-1.8067
-1.7776
-1.7702
-1.728
-1.7189
-1.697
-1.6859
-1.6889
-1.6639
-1.6567
-1.6766
-1.6732
-1.6463
-1.6329
-1.6471
-1.6394
-1.5706
-1.5574
-1.5617
-1.557
-1.533
-1.4765
-1.4509
-1.4158
-1.4374
-1.4225
-1.4002
-1.3806
-1.3529
-1.3311
-1.3218
-1.262
-1.2595
-1.2141
-1.2043
-1.2376
-1.2179
-1.1371
-1.1226
-1.1161
-1.0761
-1.0226
-1.072
-1.0539
-1.0932
-1.1013
-1.0518
-1.0276
-1.0576
-1.0342
-1.0039
-1.0025
-0.97753
-0.93428
-0.96913
-0.93742
-0.88352
-0.85697
-0.85955
-0.88072
-0.84263
-0.84128
-0.80845
-0.77361
-0.73383
-0.73462
-0.71523
-0.74179
-0.75501
-0.82649
-0.80845
-0.77092
-0.74728
-0.70179
-0.72532
-0.69787
-0.68913
-0.6777
-0.62885
-0.66212
-0.63994
-0.61305
-0.61282
-0.59221
-0.60666
-0.59736
-0.52285
-0.51176
-0.49338
-0.51904
-0.48857
-0.50929
-0.4721
-0.43176
-0.43109
-0.45809
-0.45148
-0.45215
-0.45495
-0.44565
-0.42492
-0.43467
-0.43848
-0.41775
-0.41518
-0.41775
-0.40576
-0.38235
-0.41327
-0.34291
-0.30773
-0.2833
-0.27691
-0.31759
-0.31848
-0.33652
-0.35299
-0.36509
-0.36532
-0.30168
-0.2712
-0.20879
-0.18974
-0.16173
-0.21798
-0.20285
-0.24823
-0.2061
-0.16375
-0.14873
-0.12184
-0.10347
-0.11198
-0.13977
-0.19064
-0.2117
-0.18492
-0.16935
-0.14403
-0.14078
-0.11613
-0.055849
-0.031535
-0.051479
-0.071871
-0.071423
-0.10224
-0.11624
-0.097642
-0.083188
-0.085989
-0.10257
-0.10145
-0.1038
-0.095401
-0.077922
-0.06246
-0.034673
-0.050583
-0.064252
-0.070191
-0.080163
-0.039154
0.0096972
0.0034227
-0.0073336
-0.015737
-0.0049806
0.020117
0.049361
0.038605
-0.023356
0.018213
0.018101
0.029529
0.037708
0.036924
0.064375
0.041518
0.045552
0.039949
0.033227
0.03177
0.039613
0.048353
0.097204
0.071994
0.067176
0.097989
0.094739
0.07065
0.077933
0.11289
0.15468
0.14796
0.12062
0.11513
0.12891
0.094067
0.089473
0.063815
0.08544
0.13519
0.12712
0.1344
0.15569
0.16006
0.11748
0.14482
0.16051
0.15659
0.14673
0.12342
0.1223
0.12589
0.13216
0.14494
0.1558
0.21664
0.21687
0.21978
0.21463
0.19681
0.18012
0.17586
0.13922
0.17003
0.17093
0.13272
0.1502
0.17732
0.1725
0.14292
0.14169
0.15681
0.1539
0.14561
0.18348
0.1567
0.16678
0.11233
0.12678
0.1018
0.12891
0.13765
0.13026
0.11704
0.11681
0.10762
0.14303
0.11748
0.13922
0.19289
0.21776
0.16947
0.16398
0.1437
0.16533
0.20824
0.22673
0.18706
0.23222
0.17003
0.17059
0.16096
0.13474
0.12544
0.10449
0.13205
0.1716
0.16914
0.21855
0.22012
0.19524
0.18617
0.16779
0.17003
0.21015
0.20096
0.17283
0.16611
0.20129
0.22561
0.15536
0.1809
0.1511
0.16073
0.15267
0.15692
0.1279
0.13844
0.18762
0.16578
0.15558
0.1586
0.17082
0.19603
0.23054
0.22057
0.23457
0.20253
0.16241
0.1781
0.18225
0.19424
0.19188
0.14706
0.13799
0.13676
0.16174
0.20578
0.21272
0.21261
0.16723
0.21149
0.1883
0.20443
0.21283
0.21911
0.22628
0.20611
0.20421
0.23928
0.21698
0.23099
0.15961
0.13732
0.14684
0.10975
0.094627
0.10068
0.079725
0.065
0.054
0.049
0.042
0.035
0.024
0.016
0.001
0